-,-,-
-175, -25, -364
77, -287, -492
51, -591, -540
-26, -673, -700
-78, -868, -488
24, -705, -387
24, -705, -387
162, -683, -372
268, -582, -256
318, -389, -61
378, -114, 35
372, 106, 509
429, 762, 315
551, 1511, 319
551, 1511, 319
511, 1979, 729
407, 1826, 965
516, 1985, 1787
660, 1997, 1998
664, 1997, 1998
876, 1997, 1998
913, 1997, 1998
-,-,-
-33, -96, -259
73, -272, -118
73, -272, -118
169, -561, -24
155, -775, -4
147, -762, -135
188, -831, -101
227, -845, -188
129, -682, -40
131, -324, -503
163, -93, -383
163, -93, -383
210, 189, -84
155, 373, 653
280, 1447, 588
233, 1923, 692
311, 1997, 1254
603, 1997, 1925
603, 1997, 1925
583, 1997, 1998
510, 1997, 1998
-,-,-
27, -729, -602
91, -939, -768
105, -992, -144
234, -493, -499
234, -493, -499
301, 0, -357
398, 240, -37
449, 320, 676
471, 1003, 918
540, 1646, 908
540, 1646, 908
704, 1995, 1169
845, 1997, 1582
787, 1997, 1971
766, 1997, 1998
742, 1997, 1998
-,-,-
-54, -260, 118
241, 52, -218
261, 361, -838
54, 543, 119
54, 543, 119
209, 956, 583
380, 1568, 692
412, 1689, 1008
605, 1916, 1629
576, 1997, 1998
509, 1997, 1843
739, 1997, 1946
731, 1997, 1998
731, 1997, 1998
-,-,-
129, -278, -53
231, -286, -570
232, -96, -306
187, -67, 364
187, -67, 364
205, 2, 484
201, 37, 310
144, 276, 780
144, 276, 780
120, 1050, 1175
167, 1246, 1407
271, 1113, 1416
91, 1238, 1793
117, 1803, 1998
245, 1997, 1998
274, 1997, 1998
301, 1997, 1998
460, 1997, 1998
-,-,-
23, -360, -393
26, -343, -599
50, -146, -442
50, -146, -442
17, -188, -198
-86, -354, 282
-20, -171, 203
81, 111, 368
185, 396, 643
192, 673, 1041
192, 673, 1041
177, 1286, 1622
316, 1989, 1833
401, 1997, 1893
466, 1997, 1998
514, 1997, 1998
-,-,-
31, -328, -487
76, -345, -670
123, -556, -842
123, -556, -842
141, -562, -894
85, -446, -551
44, -263, -325
-63, -71, 22
-12, 214, -66
49, 324, 21
49, 324, 21
63, 417, 395
6, 674, 692
-21, 1155, 570
-21, 1155, 570
69, 1517, 472
268, 1946, 831
182, 1944, 1273
95, 1997, 1755
200, 1997, 1981
376, 1997, 1998
-,-,-
-40, -14, -784
-76, -423, -192
66, -778, -269
66, -778, -269
201, -653, -974
118, -520, -462
106, -580, -272
166, -595, -160
294, -94, -148
370, 499, -8
233, 961, 562
233, 961, 562
157, 1587, 982
28, 1996, 1294
-95, 1997, 1912
-238, 1997, 1998
-200, 1997, 1998
-,-,-
192, -463, -1032
203, -604, -855
170, -416, -473
157, -341, -634
204, 20, -836
172, 276, -663
127, -17, -182
-25, -138, 136
-25, -138, 136
-150, 85, -253
-293, 175, -226
-366, 506, 336
-468, 1217, 1295
-440, 1967, 1154
-439, 1997, 1460
-489, 1997, 1759
-495, 1997, 1998
-389, 1997, 1998
-259, 1997, 1998
-204, 1997, 1998
-183, 1997, 1998
-148, 1996, 1998
-,-,-
-23, -454, -629
6, -446, -493
6, -446, -493
140, -326, -1032
73, -359, -667
-5, -429, 57
132, 26, -153
151, 322, 246
136, 602, 655
136, 602, 655
-16, 798, 1284
-33, 1245, 1729
144, 1812, 1978
123, 1997, 1998
7, 1997, 1998
-27, 1997, 1998
-21, 1997, 1998
-21, 1997, 1998
-92, 1997, 1998
-167, 1968, 1998
-,-,-
-106, -292, -626
-122, -189, -653
-126, -350, -497
-133, -408, -9
-37, 98, -354
-127, 126, -12
-174, 114, -85
-181, 760, 192
-181, 760, 192
-12, 1436, 545
13, 1732, 907
-161, 1967, 1569
-220, 1997, 1998
-139, 1997, 1998
-116, 1997, 1998
-168, 1997, 1998
-,-,-
117, -436, -294
196, -525, -471
192, -460, -525
132, -472, -29
173, -295, -539
177, 37, -457
127, 286, -397
-9, 404, 459
-9, 404, 459
-31, 900, 481
-6, 1420, 331
-161, 1691, 708
-189, 1968, 1234
-105, 1997, 1912
-108, 1997, 1998
-68, 1997, 1998
-68, 1997, 1998
-17, 1997, 1998
-,-,-
-60, -50, -592
-91, -384, 231
-91, -384, 231
8, -417, 200
77, -129, -464
50, -274, -147
191, -349, -359
85, -192, -193
44, 135, -466
44, 135, -466
26, 275, -314
-38, 569, 474
-119, 1347, 711
-173, 1949, 675
-264, 1997, 1141
-326, 1997, 1848
-310, 1997, 1998
-185, 1997, 1998
-123, 1997, 1998
-124, 1997, 1998
-,-,-
366, -114, 42
424, -309, -460
322, -307, -657
80, -152, -357
103, 57, -719
103, 57, -719
157, 626, -683
94, 1149, -174
-179, 1636, 897
-173, 1997, 1088
-195, 1997, 1642
-251, 1997, 1990
-446, 1997, 1998
-475, 1997, 1998
-,-,-
-19, -338, 172
-10, -189, -2
-23, 40, -132
49, 98, -200
72, -49, -241
72, -49, -241
36, -121, -143
-39, -242, -200
-73, -301, -130
-19, -483, -304
21, -255, -503
77, -48, -695
53, 42, -643
53, 42, -643
-120, 30, 10
-62, 655, -352
7, 1275, -607
131, 1900, -107
13, 1900, 718
13, 1677, 718
-79, 1518, 1210
77, 1979, 1930
255, 1997, 1998
369, 1997, 1998
449, 1997, 1998
382, 1997, 1998
-,-,-
-78, 21, -524
-96, -441, 70
9, -508, -231
55, -252, -680
-122, -404, -356
-122, -404, -356
-122, -384, -315
36, 103, -273
168, 511, -40
125, 642, 551
126, 1080, 1025
371, 1856, 1298
517, 1997, 1600
483, 1997, 1775
523, 1997, 1989
583, 1997, 1998
-,-,-
-356, 39, -158
-167, -137, 14
35, -597, 104
139, -650, -361
280, -618, -433
280, -618, -433
411, -638, -410
357, -639, -59
347, -170, -773
219, 589, -1125
40, 549, -171
-139, 1075, 709
0, 1881, 493
0, 1881, 493
-31, 1997, 1018
-182, 1997, 1625
-346, 1997, 1973
-,-,-
-85, -83, -26
118, -493, -256
170, -510, -404
277, -461, -651
319, -551, -255
286, -339, -289
164, -133, -680
6, 83, -268
6, 83, -268
-20, 855, 580
173, 1943, 318
153, 1997, 664
27, 1997, 1465
27, 1997, 1465
-112, 1997, 1998
-9, 1997, 1998
-,-,-
-113, -132, -458
-32, -462, -405
10, -468, -266
152, -470, -447
202, -379, -917
174, -212, -811
12, -140, -293
12, -140, -293
-92, 284, -450
-42, 565, -454
-64, 807, 313
33, 1483, 955
214, 1989, 1199
278, 1997, 1288
334, 1997, 1599
334, 1997, 1599
439, 1997, 1950
-,-,-
112, -52, -896
-4, -172, -608
-114, -454, 42
-114, -454, 42
94, 17, -650
69, 257, -580
35, 379, -409
16, 482, 140
16, 482, 140
38, 894, 579
141, 1463, 530
189, 1767, 480
201, 1941, 907
125, 1997, 1305
125, 1997, 1305
163, 1997, 1038
294, 1997, 1028
287, 1997, 1682
350, 1997, 1998
-,-,-
104, -139, -373
140, -346, -372
140, -346, 106
125, -345, 106
112, 35, -346
6, 121, -748
-3, 253, -368
-81, 843, 529
-81, 843, 529
60, 1943, 284
62, 1997, 222
13, 1997, 460
24, 1997, 600
-50, 1997, 852
-50, 1997, 852
-,-,-
-73, -121, -581
81, -168, -541
60, -290, 227
206, -121, -649
37, -238, -856
37, -238, -856
-155, -162, -572
-308, -22, 136
15, 934, -123
242, 1695, -53
148, 1996, 563
4, 1997, 1318
60, 1997, 1138
60, 1997, 1138
-14, 1997, 1196
-,-,-
-74, -280, -313
-55, -483, -791
-31, -822, -297
-39, -778, -183
-51, -422, -636
-70, 10, -705
-66, 258, -152
-66, 258, -152
-109, 477, 471
-170, 347, 381
-121, 1168, 631
147, 1894, 1322
493, 1997, 1675
564, 1997, 1998
708, 1997, 1998
784, 1997, 1998
-,-,-
-202, -369, -374
-140, -461, 89
24, -423, 102
94, -406, -233
148, -471, 113
347, -409, 118
474, -437, 147
458, -306, -468
458, -306, -468
272, -205, -888
195, -63, -376
93, 536, -117
-66, 1211, -138
-151, 1736, 26
-178, 1997, 761
-175, 1997, 1775
-172, 1997, 1794
-,-,-
375, -392, -1020
342, -425, -969
291, -485, -321
363, -316, -182
426, -124, -416
240, -117, 18
115, -55, 310
252, 641, 651
252, 641, 651
378, 1434, 667
379, 1962, 1164
480, 1997, 1857
355, 1997, 1998
240, 1997, 1998
250, 1997, 1998
-,-,-
-35, -110, -704
-86, -86, -549
-144, -171, -74
43, -258, -626
45, -491, -295
45, -491, -295
184, -588, -264
260, -800, -14
298, -960, 351
433, -920, 399
508, -679, 452
496, -238, 528
481, -83, 835
481, -83, 835
434, 10, 1040
562, 678, 1182
822, 1148, 1601
508, 1492, 1998
303, 1641, 1998
265, 1916, 1998
329, 1997, 1998
329, 1997, 1998
-,-,-
236, -277, 569
414, 39, -643
150, -170, -1134
-99, 72, 181
115, 778, 232
274, 1482, 630
274, 1482, 630
343, 1635, 998
316, 1680, 1806
252, 1983, 1998
198, 1997, 1998
215, 1997, 1998
356, 1997, 1998
-,-,-
314, -666, -707
425, -702, -622
228, -726, 349
228, -726, 349
256, -383, -1000
42, -323, -921
-14, -390, 12
-35, 300, 475
101, 1101, -47
156, 1287, 489
331, 1572, 1406
331, 1572, 1406
448, 1976, 1996
433, 1997, 1998
-,-,-
-128, -742, -377
99, -284, -525
99, -284, -525
239, -663, -407
311, -676, -274
461, -533, -166
457, -672, -83
123, -553, -239
59, -306, -345
63, -122, -566
-111, 535, -564
-111, 535, -564
-121, 1137, -145
117, 1867, 473
235, 1997, 1629
416, 1997, 1998
-,-,-
249, -218, -396
118, -146, -410
65, 245, -326
35, 656, 249
35, 656, 249
130, 959, 887
391, 1540, 1975
636, 1910, 1998
787, 1997, 1998
946, 1997, 1998
1164, 1997, 1998
1384, 1997, 1998
1420, 1997, 1998
-,-,-
10, 74, -568
100, -334, 420
131, -343, 364
108, 161, -980
51, 358, -737
51, 358, -737
44, 360, 99
137, 911, 170
24, 1275, 305
-91, 1722, 935
-91, 1722, 935
-65, 1997, 1907
89, 1997, 1998
118, 1997, 1998
-82, 1997, 1998
75, 1997, 1998
-,-,-
24, 168, -893
24, 168, -893
-85, -182, -390
-27, -36, -83
153, 821, -735
111, 1105, 243
126, 1215, 1448
289, 1864, 1991
289, 1864, 1991
414, 1997, 1998
344, 1997, 1998
268, 1997, 1998
298, 1997, 1998
262, 1997, 1998
313, 1997, 1998
-,-,-
182, -644, -9
205, -357, -430
159, -368, -105
159, -368, -105
254, 185, -383
282, 379, -900
129, 263, -471
-77, 266, 531
136, 1267, 13
187, 1743, 391
187, 1743, 391
14, 1983, 1350
83, 1997, 1998
270, 1997, 1998
170, 1997, 1998
-58, 1997, 1998
-,-,-
-232, 16, -17
-3, -199, -54
-77, -380, -172
21, -379, -470
116, -146, -880
116, -146, -880
168, -46, -126
210, -198, 39
61, 6, -345
97, 706, -505
180, 1254, 165
180, 1254, 165
75, 1582, 733
-30, 1830, 840
-,-,-
-2, 153, -92
84, 146, 35
-170, 256, 212
-170, 256, 212
-231, 101, 128
-209, -168, 166
-174, -297, 302
-105, -186, 25
-77, -33, -228
27, -89, -424
177, -271, -299
177, -271, -299
174, 104, -455
87, 637, -514
66, 862, -345
73, 593, 184
-62, 1398, -341
-180, 1991, -825
-244, 1997, -413
-358, 1997, 531
-358, 1997, 531
-430, 1997, 551
-295, 1997, 653
-130, 1997, 580
-,-,-
-267, 276, -382
-224, 3, -423
-100, -373, 84
-106, -190, -242
-109, -236, -500
-55, -410, -216
-53, -223, 355
20, 566, -559
20, 566, -559
19, 748, -324
183, 1011, 106
194, 1467, 895
428, 1995, 873
716, 1997, 980
-,-,-
-120, 382, -1315
-127, 41, -392
-175, -137, 663
-175, -137, 663
-70, 218, 42
-132, 672, 385
-31, 598, 482
89, 1052, 771
145, 1675, 1306
360, 1911, 1111
360, 1911, 1111
447, 1997, 1559
452, 1997, 1968
-,-,-
-176, 411, -524
-150, 23, -180
-150, 23, -180
-163, -169, -158
-164, -27, -243
-112, -106, -66
20, 21, -380
-77, 236, -437
-203, 464, -118
-172, 881, 85
-172, 881, 85
-156, 1687, 151
-135, 1884, 485
3, 1923, 1167
53, 1997, 1248
-,-,-
-318, 386, -609
-333, 168, -485
-302, 80, -234
-302, 80, -234
-328, 277, -531
-416, 247, -241
-241, -40, -119
-142, 245, -272
-62, 404, -484
-18, 227, -337
4, 147, -46
4, 147, -46
-120, 648, -396
-99, 879, -498
32, 1014, 242
201, 1164, 1449
248, 1965, 976
315, 1997, 737
-,-,-
-25, 153, -534
45, 20, -188
-53, 168, -966
-207, 226, -110
-131, -31, 483
-41, 64, 98
-41, 64, 98
4, 480, 66
144, 503, 303
169, 56, 1067
169, 56, 1067
-6, 583, 778
116, 1622, 270
315, 1997, 353
343, 1997, 1025
254, 1997, 1666
283, 1997, 1610
-,-,-
501, -204, -1042
608, -220, -643
154, -655, 784
154, -655, 784
-48, 98, -468
-71, 1097, -1065
-173, 1304, -174
-159, 1923, 542
-70, 1997, 565
0, 1997, 1377
100, 1997, 1998
347, 1997, 1998
347, 1997, 1998
666, 1997, 1998
-,-,-
10, -624, -505
10, -624, -505
193, -574, -665
280, -473, -180
370, -179, -710
438, -352, -744
333, -349, -508
-61, -168, 41
135, 923, -832
279, 1442, -122
418, 1747, 1376
418, 1747, 1376
532, 1978, 1998
659, 1997, 1998
439, 1997, 1998
561, 1997, 1998
-,-,-
-6, 38, -155
14, 114, -858
14, 114, -858
-34, 276, -288
-77, 71, 383
-23, 205, -88
-110, 148, -149
-182, 122, 204
-149, 26, 175
-149, 26, 175
-158, 24, -79
-193, 272, -320
-191, 307, -89
-131, 302, -68
-195, 574, -77
-116, 955, 90
-116, 955, 90
94, 1230, 357
188, 1502, 735
294, 1408, 1024
569, 1792, 1669
-,-,-
-81, -30, -79
-65, -41, -700
-85, -250, 138
-85, -250, 138
169, -52, 285
327, -3, -79
208, 1, -93
241, 466, 338
241, 466, 338
448, 1236, 971
661, 1883, 1334
763, 1997, 1853
777, 1997, 1998
1114, 1997, 1998
1663, 1997, 1998
-,-,-
23, 676, -531
-30, 341, -74
-175, 221, 464
-87, 588, -24
7, 858, -36
7, 858, -36
38, 400, 639
7, 210, 520
-216, 223, 266
-216, 223, 266
-391, 998, -66
-322, 1619, 277
-312, 1936, 1034
-446, 1997, 1504
-378, 1997, 1956
52, 1997, 1975
351, 1997, 1998
577, 1997, 1998
-,-,-
-60, 364, -35
-15, 800, -271
-97, 443, -485
-71, 36, 135
96, 549, 405
96, 549, 405
159, 1075, 390
228, 1326, 608
280, 1406, 1339
283, 1947, 1465
386, 1997, 1398
528, 1997, 1526
883, 1997, 1889
1401, 1997, 1998
1401, 1997, 1998
1665, 1997, 1998
1567, 1997, 1998
1293, 1997, 1998
-,-,-
-209, 228, -314
-20, -330, 412
-20, -330, 412
102, -630, 129
112, -318, -407
111, -83, -380
191, -323, 1
246, 13, -105
243, 288, -439
243, 288, -439
-60, 171, -534
-126, 38, -387
-36, 873, 366
36, 1924, 406
-73, 1997, 957
-361, 1997, 1887
-695, 1997, 1998
-695, 1997, 1998
-825, 1997, 1996
-625, 1997, 1998
-,-,-
136, -404, -95
92, -501, -705
92, -501, -705
17, -492, -945
46, -284, -725
-14, -106, 24
127, -433, 386
207, -262, 1273
345, 906, 1818
345, 906, 1818
384, 1378, 1988
548, 906, 1984
609, 708, 1998
628, 937, 1998
523, 1048, 1998
342, 1072, 1998
222, 1434, 1998
107, 1794, 1998
82, 1917, 1998
-,-,-
597, -317, -838
597, -317, -838
498, -237, -825
-430, -220, -18
79, -290, -513
392, 121, -364
318, 502, 122
-98, 877, 795
99, 1161, 844
99, 1161, 844
142, 1459, 1264
-217, 1997, 1957
-504, 1997, 1998
-555, 1997, 1998
-573, 1997, 1998
-,-,-
-442, -481, 513
807, -536, -840
466, -352, -335
-141, 324, 493
227, 761, 338
506, 975, 411
437, 776, 662
437, 776, 662
269, 1549, 1304
266, 1997, 1580
143, 1997, 1934
174, 1997, 1998
154, 1997, 1998
181, 1997, 1994
168, 1997, 1988
-,-,-
332, -555, -589
82, -134, -485
-24, 290, -356
-24, 290, -356
391, 573, -761
538, 1000, -542
315, 1424, 391
259, 1724, 890
433, 1927, 1054
202, 1997, 1860
48, 1997, 1996
129, 1997, 1995
129, 1997, 1995
214, 1997, 1998
-,-,-
719, -116, -1018
-40, 337, 201
-776, 959, 1029
540, 1069, -534
95, 1028, 187
95, 1028, 187
-201, 1796, 882
-182, 1997, 1024
-160, 1997, 1198
-81, 1997, 1056
-133, 1997, 914
-411, 1997, 1410
-64, 1997, 1515
-,-,-
-131, -231, -241
-134, -298, -240
-336, -477, 271
-16, -629, -10
382, -669, -543
327, -547, -327
51, -441, -37
57, -385, -170
57, -385, -170
475, 55, -445
445, 863, 21
299, 1817, 491
457, 1997, 414
493, 1997, 744
493, 1997, 744
363, 1997, 1470
182, 1997, 1944
107, 1997, 1914
-,-,-
-103, -94, -92
-54, -421, -138
-76, -394, -305
-56, -180, -627
-38, -110, -536
51, 13, -53
51, 13, -53
-73, 79, 157
-136, 401, -130
-79, 593, 164
75, 982, 653
75, 982, 653
231, 1782, 160
257, 1995, -111
427, 1997, 368
494, 1997, 1570
574, 1997, 1300
611, 1997, 1419
611, 1997, 1419
663, 1997, 1282
606, 1997, 1686
-,-,-
-42, -101, -371
24, -10, -321
43, 104, -110
-22, 40, -4
0, 348, 16
0, 348, 16
136, 462, 150
241, 437, 528
102, 482, 475
102, 482, 475
70, 1216, 523
386, 1964, 901
643, 1997, 1528
657, 1997, 1563
535, 1997, 1840
645, 1997, 1998
882, 1997, 1998
882, 1997, 1998
-,-,-
89, -486, 49
105, -394, -603
73, -445, -244
74, -578, 133
74, -578, 133
59, -214, -478
5, -32, -918
121, 301, 93
181, 1012, 767
181, 1012, 767
309, 1874, 895
349, 1997, 1205
550, 1997, 1872
636, 1997, 1998
473, 1997, 1998
387, 1997, 1998
414, 1997, 1998
-,-,-
-92, 85, -368
-68, -2, 74
56, 4, -244
-75, -78, -745
-36, 67, -438
-36, 67, -438
-12, -160, 196
-34, -55, -163
-52, 212, -383
71, 721, 129
235, 1441, 619
235, 1441, 619
287, 1971, 877
185, 1997, 1129
311, 1997, 1653
350, 1997, 1998
257, 1997, 1883
282, 1997, 1709
-,-,-
-150, -369, -135
-17, 0, -807
-74, 51, -256
-74, 51, -256
-71, -59, 299
141, 207, -176
224, 642, 61
204, 996, 491
204, 996, 491
259, 1169, 737
370, 1684, 929
358, 1987, 1168
474, 1997, 1559
478, 1997, 1856
368, 1997, 1969
233, 1997, 1962
251, 1997, 1986
287, 1997, 1995
-,-,-
118, -579, 201
118, -579, 201
293, -539, 64
310, -384, -339
204, -339, -487
189, -265, -146
254, 117, 348
194, 1060, -134
116, 1390, -249
164, 1715, 704
164, 1715, 704
157, 1997, 1844
173, 1997, 1998
240, 1997, 1998
298, 1997, 1998
295, 1997, 1998
307, 1997, 1998
-,-,-
-94, 54, -119
50, -87, -284
50, -87, -284
135, -345, 7
216, -483, -105
278, -455, -454
208, -363, -563
173, -456, -437
-20, -123, -234
-9, 318, -471
-9, 318, -471
107, 635, -224
72, 801, 570
-34, 1419, 678
-55, 1958, 562
62, 1997, 925
62, 1997, 925
91, 1997, 1760
-25, 1997, 1948
8, 1997, 1965
25, 1997, 1996
40, 1997, 1998
-,-,-
-113, 112, 423
-113, 112, 423
-102, -74, 164
-81, -123, -97
-86, -44, 1
-117, 119, 142
12, 21, -26
12, 21, -26
71, -117, -239
98, -217, -277
98, -301, -233
138, -546, -123
138, -546, -123
182, -478, -400
170, -154, -752
143, 43, -609
101, 4, 138
84, 506, 45
84, 506, 45
112, 1082, -108
68, 1387, 410
93, 1343, 1088
161, 1648, 962
250, 1850, 1147
240, 1997, 1626
240, 1997, 1626
287, 1997, 1943
291, 1997, 1998
195, 1997, 1993
-,-,-
-148, 295, -185
-129, 106, -26
-129, 106, -26
-13, -27, -17
53, 13, -256
-53, -131, 80
85, -353, -140
108, -312, -212
108, -312, -212
152, -192, -247
208, -161, -464
90, -27, -559
39, 259, -304
64, 654, -23
128, 857, 371
128, 857, 371
111, 1290, 651
144, 1745, 877
241, 1993, 1138
366, 1997, 1521
464, 1997, 1697
425, 1997, 1920
545, 1997, 1998
681, 1997, 1966
625, 1997, 1984
625, 1997, 1984
584, 1997, 1998
473, 1997, 1998
416, 1997, 1998
342, 1996, 1998
324, 1705, 1797
-,-,-
-85, 85, -7
-94, -1, 85
-15, -45, -133
112, 153, -497
62, 325, -496
62, 325, -496
-5, 529, 55
-47, 757, 320
-128, 1232, 346
-16, 1392, -32
-16, 1392, -32
77, 1332, 471
68, 1331, 1325
100, 1664, 1353
208, 1968, 1378
371, 1997, 1700
509, 1997, 1967
572, 1997, 1942
697, 1997, 1818
-,-,-
-23, 229, -294
27, -48, -37
-24, 60, 53
75, 19, -284
75, 19, -284
74, -152, -549
-8, -225, -456
-101, 34, -292
-138, 338, -424
-149, 700, -242
-78, 1120, 366
-78, 1120, 366
-22, 1348, 725
31, 1730, 632
116, 1895, 979
238, 1997, 1608
282, 1997, 1759
432, 1997, 1394
487, 1997, 1324
282, 1997, 1850
282, 1997, 1850
346, 1997, 1998
-,-,-
49, 127, -375
74, 177, -1086
-92, 185, 151
-92, 185, 151
-45, 181, 503
85, 695, -285
0, 890, 329
0, 890, 329
6, 963, 666
21, 1223, 903
104, 1572, 939
112, 1984, 1200
109, 1997, 1768
109, 1997, 1768
265, 1997, 1520
315, 1997, 1462
361, 1997, 1904
545, 1997, 1998
539, 1997, 1998
-,-,-
-140, -39, -98
-120, -191, -202
-58, -299, -267
-58, -299, -267
13, -329, -58
115, -146, -550
102, -137, -527
91, 14, -349
103, 255, 298
118, 716, 282
118, 716, 282
123, 1105, 185
147, 1373, 545
92, 1483, 1211
54, 1898, 1224
13, 1997, 1520
-15, 1997, 1627
-26, 1997, 1799
-26, 1997, 1799
212, 1997, 1432
346, 1997, 1667
386, 1997, 1940
-,-,-
34, 124, -386
-33, 215, -430
-52, 82, 138
-52, 82, 138
-99, 232, 241
0, 431, -482
-37, 644, 5
-37, 644, 5
18, 605, 664
127, 1251, 784
264, 1874, 693
239, 1997, 1030
239, 1997, 1030
236, 1997, 1384
293, 1997, 1454
370, 1997, 1522
460, 1997, 1674
640, 1997, 1962
783, 1997, 1998
684, 1997, 1998
-,-,-
134, 208, -109
56, 353, -264
27, 290, -387
27, 290, -387
46, 296, -531
58, 346, -157
-61, 442, 29
-34, 322, -694
-34, 322, -694
31, 546, -393
19, 535, 954
-30, 1023, 1010
-11, 1774, 1334
27, 1997, 1726
70, 1997, 1998
224, 1997, 1998
224, 1997, 1998
434, 1997, 1998
485, 1997, 1998
618, 1997, 1998
831, 1997, 1998
827, 1997, 1998
636, 1940, 1998
448, 1600, 1733
-,-,-
-24, 178, -457
25, 116, -218
65, -53, 195
125, -26, -485
125, -26, -485
11, -143, -449
-40, -121, -142
-55, -190, 196
59, 101, -167
118, 627, 60
118, 627, 60
226, 977, 517
221, 1427, 1344
230, 1867, 1518
321, 1997, 1728
399, 1997, 1998
348, 1997, 1998
432, 1997, 1998
502, 1997, 1998
573, 1997, 1998
573, 1997, 1998
-,-,-
-187, -20, -421
-65, 110, -577
113, 425, -740
109, 709, 560
109, 709, 560
251, 1087, 1203
475, 1598, 1377
425, 1967, 1833
396, 1997, 1986
367, 1997, 1998
403, 1997, 1867
398, 1997, 1912
509, 1997, 1998
737, 1997, 1998
737, 1997, 1998
1023, 1997, 1998
919, 1997, 1998
757, 1879, 1998
609, 1583, 1836
545, 1482, 1405
-,-,-
-147, 277, -258
-43, 7, 19
53, -68, -193
16, 86, -449
16, 86, -449
-128, -2, -51
-148, -225, -58
-188, -38, -392
-214, 165, -569
-277, 446, -541
-269, 259, 328
-269, 259, 328
2, 875, -16
116, 1101, 200
181, 1371, 925
307, 1693, 1297
445, 1996, 1682
722, 1997, 1967
-,-,-
-203, -126, 319
-298, -424, 569
-294, -809, 625
-174, -957, 341
-51, -1001, 167
68, -1055, -28
153, -1005, -559
171, -843, -895
207, -638, -933
276, -502, -495
360, -195, -223
360, -195, -223
412, 461, -465
431, 787, 19
447, 1029, 947
536, 1774, 1552
565, 1997, 1842
595, 1997, 1967
572, 1997, 1998
606, 1997, 1998
606, 1997, 1998
701, 1997, 1998
-,-,-
35, -274, 99
81, -233, -368
8, -307, -284
36, -493, -2
46, -419, -356
-53, -303, -362
-53, -303, -362
-69, -13, -333
-44, 149, -170
8, 533, -22
107, 969, 113
141, 1179, 561
141, 1179, 561
192, 1089, 1028
269, 1498, 1124
430, 1990, 1339
623, 1997, 1750
585, 1997, 1962
521, 1997, 1998
626, 1997, 1998
591, 1997, 1998
-,-,-
-88, 8, -45
-27, -333, -190
-17, -481, -114
-35, -281, -417
-50, -281, -354
-3, -259, -165
-3, -259, -165
-12, -226, -73
44, -25, -329
106, 184, -361
98, 136, -79
65, 190, -296
65, 190, -296
116, 644, -459
232, 1131, -377
301, 1293, -5
242, 1205, 221
262, 1438, 434
333, 1920, 690
333, 1920, 690
418, 1997, 1387
482, 1997, 1996
463, 1997, 1998
470, 1997, 1998
-,-,-
-203, -413, 459
-126, -456, -45
-92, -482, -168
35, -565, -115
118, -375, -368
121, -274, -313
180, -150, -350
180, -150, -350
203, 80, -474
285, 430, -580
258, 591, -270
106, 644, -239
27, 654, -336
70, 1077, -104
70, 1077, -104
82, 1478, 426
125, 1699, 900
275, 1882, 731
326, 1927, 1068
312, 1997, 1217
406, 1997, 1473
553, 1997, 1766
674, 1997, 1860
746, 1997, 1977
-,-,-
-210, -431, -1
-213, -318, -478
-218, -220, -477
-105, -519, 51
-12, -288, -244
-74, -48, -174
-12, -203, -113
107, -218, -416
175, 156, -421
171, 413, -386
171, 413, -386
165, 548, -281
241, 866, 25
358, 1418, 140
362, 1682, 339
375, 1790, 663
490, 1842, 1187
490, 1842, 1187
623, 1943, 1271
808, 1997, 1554
990, 1997, 1732
1188, 1997, 1934
1267, 1997, 1933
1213, 1997, 1998
-,-,-
33, -241, -490
13, -122, -879
3, -245, -308
3, -245, -308
-26, -205, 123
-18, 278, -179
19, 430, 195
82, 709, 610
82, 709, 610
183, 1000, 889
341, 1428, 793
338, 1468, 917
353, 1280, 1313
526, 1823, 1677
699, 1997, 1733
883, 1997, 1804
883, 1997, 1804
1122, 1997, 1998
1271, 1997, 1998
1254, 1997, 1998
1035, 1997, 1998
810, 1823, 1998
644, 1385, 1998
-,-,-
49, -374, -64
34, -292, -404
56, -329, -275
178, -569, -184
213, -261, -618
123, 12, -541
123, 12, -541
74, -16, -340
119, 221, -284
144, 701, -179
236, 1085, -45
246, 1397, 454
246, 1397, 454
296, 1563, 840
368, 1795, 1135
397, 1997, 1188
470, 1997, 1587
671, 1997, 1978
901, 1997, 1998
1111, 1997, 1998
1222, 1997, 1998
1216, 1997, 1998
1180, 1997, 1998
955, 1883, 1998
708, 1483, 1998
-,-,-
29, 87, -518
-49, -166, -78
-49, -166, -78
-20, -444, 229
1, 220, -335
-85, 413, 221
-20, 220, 296
95, 788, 623
95, 788, 623
310, 1674, 910
538, 1911, 1200
785, 1997, 1629
902, 1997, 1998
1040, 1997, 1998
1171, 1997, 1998
1170, 1997, 1998
1101, 1997, 1998
1009, 1997, 1998
-,-,-
121, -69, -254
121, -69, -254
61, 7, -594
24, -11, -221
112, -217, -32
113, 127, -355
26, 358, -34
26, 358, -34
83, 499, 65
256, 540, 683
360, 1331, 569
360, 1331, 569
338, 1707, 636
523, 1991, 1043
666, 1997, 1525
557, 1997, 1971
372, 1997, 1998
401, 1997, 1998
461, 1997, 1998
552, 1997, 1998
781, 1783, 1998
968, 1557, 1998
-,-,-
-60, -87, -214
-70, -99, -252
-89, -191, -27
-74, -408, 193
-66, -520, 103
8, -398, -114
134, -279, -203
180, -356, 138
180, -356, 138
189, 21, -312
112, 549, -397
82, 899, -487
103, 838, -83
31, 1161, 292
31, 1161, 292
63, 1625, 207
207, 1922, 492
381, 1997, 1144
422, 1997, 1897
381, 1997, 1996
371, 1997, 1993
479, 1997, 1998
-,-,-
-44, -226, -276
-12, -176, -333
103, -340, -141
178, -446, 14
178, -446, 14
255, 40, -359
201, 226, -16
168, 259, 194
123, 361, 311
81, 721, 250
81, 721, 250
113, 1197, 540
290, 1651, 1092
466, 1950, 1415
633, 1997, 1231
802, 1997, 1470
1070, 1997, 1905
1172, 1997, 1998
1175, 1997, 1998
-,-,-
-129, -393, 233
2, -707, 216
11, -677, -40
63, -477, -175
188, -340, -241
292, -358, -284
278, -249, -69
278, -249, -69
309, 303, -559
354, 684, -600
321, 862, -215
160, 987, -217
121, 1641, -307
305, 1997, -29
333, 1997, 572
333, 1997, 572
165, 1997, 683
36, 1997, 910
-40, 1997, 1117
-107, 1997, 1783
-55, 1997, 1855
168, 1997, 1550
290, 1997, 1394
-,-,-
125, -607, 57
-9, -488, -283
-9, -488, -283
-80, -278, -409
-66, -51, -103
146, 67, 244
278, 399, 630
324, 816, 695
494, 1178, 1217
494, 1178, 1217
687, 1665, 1687
816, 1958, 1997
940, 1997, 1998
971, 1997, 1998
970, 1997, 1998
1045, 1997, 1998
-,-,-
91, -423, -622
90, -461, -830
51, -462, -309
85, -530, -300
164, -664, -441
136, -392, -221
119, -27, 49
119, -27, 49
143, 119, 461
174, 451, 746
169, 1055, 551
160, 1337, 669
163, 1449, 1097
163, 1449, 1097
103, 1725, 1504
218, 1996, 1550
414, 1997, 1911
515, 1997, 1998
506, 1997, 1998
600, 1997, 1998
-,-,-
48, 126, -690
111, -563, -20
110, -620, -414
45, -463, -428
-29, -225, -27
36, 114, 38
36, 114, 38
1, 400, 160
-108, 551, 380
-52, 721, 628
-52, 721, 628
155, 1143, 856
296, 1612, 853
489, 1977, 1028
664, 1997, 1712
810, 1997, 1958
768, 1997, 1998
765, 1997, 1998
-,-,-
101, 12, -341
51, 60, -815
-52, -379, -265
-29, -411, -175
-29, -411, -175
-25, 140, -184
-59, 308, 133
4, 254, 156
93, 825, 378
216, 1583, 251
216, 1583, 251
256, 1769, 399
316, 1731, 987
379, 1996, 1348
409, 1997, 1600
582, 1997, 1959
880, 1997, 1998
1059, 1997, 1998
1171, 1997, 1998
1143, 1997, 1998
-,-,-
94, -57, -301
105, -26, -503
107, -151, -635
81, -313, -584
81, -313, -584
152, -32, -774
157, 158, -645
133, 160, -393
100, 524, -78
105, 1294, 96
105, 1294, 96
159, 1265, 460
150, 1040, 888
162, 1364, 1151
461, 1995, 1156
764, 1997, 1568
796, 1997, 1812
780, 1997, 1976
883, 1997, 1998
867, 1997, 1998
667, 1997, 1998
667, 1997, 1998
444, 1997, 1998
-,-,-
-85, 45, -220
-74, -80, -34
-74, -80, -34
0, -150, -268
-28, 55, -775
-57, -142, -396
-20, -548, -54
16, -308, -485
-16, -99, -98
-16, -99, -98
50, 291, 92
149, 586, 227
240, 1197, 478
295, 1579, 609
295, 1579, 609
339, 1687, 794
376, 1966, 1298
491, 1997, 1544
677, 1997, 1457
790, 1997, 1818
846, 1997, 1998
939, 1997, 1998
948, 1997, 1998
789, 1997, 1998
502, 1995, 1998
-,-,-
113, -122, -479
90, -263, -332
90, -263, -332
70, -118, -395
30, -150, -207
-24, -173, -96
-107, 0, -103
-153, 354, -5
-128, 598, 191
-128, 598, 191
-122, 1085, 388
-115, 1442, 388
-72, 1378, 492
-28, 1463, 731
-5, 1962, 632
43, 1997, 910
223, 1997, 1331
223, 1997, 1331
517, 1997, 1671
687, 1997, 1520
872, 1997, 1410
1182, 1997, 1930
1231, 1997, 1998
1060, 1997, 1998
-,-,-
242, -358, -815
219, -238, -884
151, -251, -428
119, -204, -457
64, 175, -399
0, 397, -128
0, 397, -128
-9, 362, 63
-32, 572, 292
-85, 875, 459
-85, 875, 459
-154, 872, 609
-173, 955, 750
-134, 1118, 865
-27, 1309, 895
44, 1506, 956
62, 1600, 1179
62, 1600, 1179
61, 1781, 1306
147, 1980, 1423
378, 1997, 1643
563, 1997, 1929
666, 1997, 1998
735, 1997, 1929
652, 1997, 1977
530, 1997, 1998
344, 1997, 1983
131, 1981, 1798
-,-,-
-126, 120, -514
-76, -14, -277
-3, 84, -353
-9, 210, -281
-26, 53, -51
-26, 53, -51
12, -86, 93
44, 555, -70
33, 887, 4
33, 887, 4
23, 1013, 11
60, 1390, -89
150, 1699, -134
150, 1699, -134
102, 1665, 142
136, 1875, 417
310, 1997, 429
295, 1997, 511
105, 1997, 1112
54, 1997, 1709
107, 1997, 1998
-48, 1997, 1998
-45, 1715, 1998
-45, 1715, 1998
112, 1377, 1998
241, 1530, 1994
303, 1635, 1612
-,-,-
52, 485, -309
76, 414, -420
17, 302, -520
23, 3, -257
23, 3, -257
52, -205, 157
29, 177, -26
-39, 531, 276
-39, 531, 276
-31, 730, 449
34, 863, 396
37, 1186, 482
38, 1433, 609
38, 1433, 609
87, 1468, 916
133, 1394, 1148
222, 1214, 1197
539, 1265, 1327
968, 1632, 1906
1261, 1997, 1998
1337, 1997, 1998
1246, 1997, 1998
-,-,-
-71, 332, -167
-128, -46, 459
-156, -199, -203
-164, -178, -300
-164, -178, -300
-86, -158, 97
58, -154, -67
86, 39, -154
71, 283, -92
127, 618, -149
127, 618, -149
173, 1023, -30
151, 1371, 132
44, 1457, 183
-46, 1502, 249
-76, 1483, 616
-58, 1607, 655
-54, 1884, 1051
-54, 1884, 1051
19, 1997, 1360
182, 1995, 1744
345, 1997, 1869
551, 1997, 1975
725, 1997, 1998
755, 1997, 1998
695, 1997, 1998
-,-,-
16, 473, -397
-14, 683, -294
-14, 683, -294
-63, 178, 151
-63, 189, 143
-67, 728, 158
-88, 915, 312
-40, 915, 346
-40, 915, 346
-18, 1136, 592
-10, 1479, 510
-8, 1672, 383
12, 1609, 485
38, 1630, 821
38, 1630, 821
0, 1974, 1055
25, 1997, 1464
166, 1997, 1608
243, 1997, 1680
281, 1997, 1998
425, 1997, 1998
-,-,-
-296, -206, 304
-205, -325, 250
-171, -210, -23
-30, -263, -121
123, -371, 22
178, -344, -135
189, -238, -421
223, -95, -349
223, -95, -349
283, -8, 56
262, 493, -15
170, 731, 81
153, 767, 120
153, 767, 120
155, 769, 626
214, 1395, 742
284, 1949, 936
290, 1997, 1206
321, 1997, 1748
351, 1997, 1998
351, 1997, 1998
446, 1997, 1998
591, 1997, 1998
744, 1997, 1998
-,-,-
99, -209, 9
137, -285, 155
231, -94, -371
231, -94, -371
230, 159, -666
197, -65, -224
108, -133, 283
107, 688, -338
77, 1123, -153
-32, 1296, 34
-32, 1296, 34
-158, 1266, 423
-147, 1372, 184
-185, 1772, 338
-192, 1997, 680
-104, 1996, 912
-20, 1962, 1127
121, 1997, 1618
209, 1997, 1996
340, 1997, 1998
510, 1997, 1998
510, 1997, 1998
455, 1997, 1998
-,-,-
-94, 12, 94
-94, 12, 94
45, -101, 159
42, -123, -191
48, 29, -396
48, 29, -396
91, 68, -201
141, 36, -18
175, 354, -282
152, 590, -39
152, 590, -39
146, 713, 158
141, 828, 136
153, 1019, 129
146, 1181, 242
68, 1305, 370
68, 1305, 370
21, 1427, 382
34, 1607, 439
35, 1679, 539
45, 1756, 865
45, 1756, 865
80, 1969, 865
121, 1997, 967
182, 1997, 1202
228, 1997, 1564
123, 1997, 1793
61, 1997, 1960
46, 1997, 1998
46, 1997, 1998
23, 1997, 1998
-,-,-
-11, 987, 320
-11, 987, 320
-85, 942, 552
-46, 1328, 67
-80, 1630, 195
-93, 1569, 227
-161, 1465, 150
-161, 1465, 150
-206, 1421, 192
-216, 1311, 224
-239, 1351, 641
-199, 1440, 889
-145, 1532, 1032
-65, 1854, 1115
67, 1997, 1104
90, 1997, 1242
128, 1997, 1434
424, 1997, 1880
672, 1997, 1998
573, 1997, 1998
573, 1997, 1998
410, 1828, 1998
330, 1392, 1998
-,-,-
104, 461, 100
104, 553, 100
91, 753, -122
29, 881, 9
-96, 921, 260
-96, 921, 260
-205, 755, 470
-281, 759, 391
-369, 1001, 422
-422, 1199, 592
-459, 1185, 750
-501, 1173, 819
-512, 1310, 682
-353, 1377, 683
-353, 1377, 683
-277, 1531, 1047
-309, 1725, 1222
-216, 1891, 1234
-159, 1997, 1818
-271, 1997, 1988
-313, 1997, 1947
-,-,-
-110, -33, -50
-110, -33, -50
-90, 12, -294
-89, -50, 128
-16, -98, 99
18, 32, -154
-4, 178, 30
-4, 178, 30
14, 307, 40
36, 428, 106
36, 428, 106
41, 616, 123
47, 681, 134
11, 722, 283
11, 722, 283
-50, 826, 429
-40, 943, 491
28, 1190, 634
84, 1472, 986
84, 1472, 986
104, 1688, 1190
188, 1778, 1290
421, 1719, 1346
514, 1918, 1869
559, 1997, 1998
577, 1997, 1998
-,-,-
38, -35, -35
38, -35, -35
69, 13, -278
33, -18, -205
8, 2, -8
8, 2, -8
46, 170, 170
46, 170, 170
57, 421, 314
-22, 466, 532
-53, 571, 412
-115, 985, 468
-115, 985, 468
-150, 1399, 609
-170, 1629, 855
-225, 1860, 852
-218, 1995, 997
-166, 1997, 1369
-144, 1997, 1769
-29, 1997, 1937
16, 1997, 1998
13, 1997, 1998
111, 1997, 1998
-,-,-
-76, 461, 186
-96, 699, 131
-131, 854, 190
-239, 745, 735
-317, 695, 727
-268, 856, 672
-268, 856, 672
-191, 1293, 930
-180, 1678, 1263
-154, 1538, 1423
-101, 1585, 1613
91, 1907, 1948
372, 1997, 1998
379, 1997, 1998
347, 1997, 1998
446, 1997, 1998
-,-,-
135, -255, 169
201, -58, -263
148, 244, -78
148, 244, -78
119, 302, 193
119, 304, 115
117, 522, 35
68, 790, 333
68, 790, 333
-45, 961, 355
-158, 981, 405
-224, 1083, 468
-272, 1308, 571
-459, 1590, 1097
-578, 1834, 1675
-487, 1982, 1891
-395, 1997, 1998
-395, 1997, 1998
-298, 1997, 1998
-,-,-
81, 51, 42
262, 65, -268
332, 144, -572
332, 144, -572
367, 182, -502
389, 229, -478
371, 199, -584
244, 178, -381
111, 27, -204
13, 143, 64
13, 143, 64
-109, 467, 250
-300, 699, 423
-441, 961, 702
-376, 1432, 730
-376, 1432, 730
-361, 1872, 941
-390, 1997, 1521
-255, 1997, 1857
-207, 1997, 1998
-194, 1997, 1998
-,-,-
-154, -454, -140
-29, -694, -193
103, -1110, 298
170, -903, -15
159, -660, -413
217, -719, -477
299, -889, 253
475, -45, -79
453, 872, -93
453, 872, -93
466, 1341, -107
472, 1745, 795
341, 1997, 1360
310, 1997, 1775
521, 1997, 1998
547, 1997, 1998
-,-,-
20, -283, -1
114, -708, 114
177, -556, -618
-16, -760, -542
-29, -1010, -389
195, -453, -657
301, 149, -345
288, 810, 313
270, 1243, 1207
270, 1243, 1207
338, 1674, 1307
364, 1964, 1781
517, 1997, 1998
622, 1997, 1998
610, 1997, 1998
568, 1997, 1998
-,-,-
27, -40, -242
85, -57, -261
100, -160, -24
233, -362, -160
265, -296, -421
159, -259, -508
29, -255, -567
29, -255, -567
-82, -267, -191
-51, 153, -461
-50, 752, -646
-140, 1005, -215
-201, 1587, 541
-38, 1997, 568
23, 1997, 1299
-103, 1997, 1891
-149, 1997, 1998
93, 1997, 1998
93, 1997, 1998
-,-,-
-133, -424, -91
-14, -599, -73
-29, -625, -23
69, -583, -280
189, -412, -413
277, -434, 44
277, -434, 44
246, -373, 21
198, 105, -599
182, 281, -417
183, 619, 148
39, 1207, 486
39, 1207, 486
9, 1805, 378
-28, 1988, 511
-119, 1997, 1153
-175, 1997, 1844
-185, 1997, 1998
-141, 1997, 1998
-,-,-
33, -451, -231
33, -451, -231
3, -234, -467
-49, 34, -646
-44, 200, -339
16, 347, -80
43, 735, 193
43, 735, 193
25, 722, 589
24, 941, 1193
54, 1385, 1340
103, 1723, 1633
208, 1993, 1995
208, 1993, 1995
209, 1997, 1998
230, 1997, 1998
401, 1997, 1998
520, 1997, 1998
-,-,-
-209, -72, -192
-165, -465, -267
-146, -465, -543
-155, -259, -799
-136, -241, -479
-91, -562, -66
-179, -205, -546
-214, 236, -541
-14, 508, -79
100, 673, 732
100, 673, 732
179, 1332, 863
231, 1867, 1136
391, 1997, 1860
457, 1997, 1998
350, 1997, 1998
326, 1997, 1998
425, 1997, 1998
480, 1997, 1998
411, 1997, 1998
411, 1997, 1998
-,-,-
82, -286, -202
115, -411, 92
164, -234, -665
112, 65, -789
112, 65, -789
113, 52, -171
33, 242, 20
80, 1156, -520
138, 1443, -56
138, 1443, -56
155, 1468, 710
72, 1846, 1549
2, 1997, 1836
-76, 1997, 1994
30, 1997, 1998
203, 1997, 1998
246, 1997, 1998
246, 1997, 1998
172, 1997, 1937
-,-,-
-34, 58, -216
-34, 58, -216
23, -57, -375
13, 5, -447
-39, -15, -523
-74, -139, -344
-41, 308, -207
-41, 308, -207
33, 709, -19
49, 817, 148
67, 783, 331
178, 1220, 587
178, 1220, 587
163, 1553, 1025
269, 1799, 1326
364, 1975, 1982
408, 1997, 1998
440, 1997, 1998
457, 1997, 1998
408, 1997, 1998
-,-,-
3, -218, -130
7, -14, -395
7, -14, -395
-29, 264, -559
-88, 437, -102
-32, 541, 370
134, 1011, 55
134, 1011, 55
92, 1162, 430
113, 1237, 1173
175, 1523, 1676
284, 1871, 1736
359, 1997, 1993
425, 1997, 1998
514, 1997, 1998
512, 1997, 1998
547, 1997, 1998
547, 1997, 1998
587, 1997, 1998
589, 1997, 1998
-,-,-
-100, -267, 29
-68, -247, -134
27, -173, -103
2, -48, -67
2, -48, -67
-13, -56, 113
59, -68, 144
100, -156, 18
100, -156, 18
73, -56, -58
61, 185, -94
60, 158, -46
46, 455, 96
46, 455, 96
68, 1073, 33
7, 1435, 362
7, 1435, 362
15, 1746, 697
76, 1855, 1126
223, 1997, 1138
356, 1997, 1420
450, 1997, 1750
457, 1997, 1995
-,-,-
64, 40, -202
76, 287, -517
62, 480, -18
116, 840, 458
116, 840, 458
215, 1373, -277
188, 1448, -285
185, 1261, 418
231, 1504, 1564
288, 1931, 1505
167, 1901, 1645
150, 1997, 1964
208, 1997, 1998
180, 1997, 1998
180, 1997, 1998
194, 1997, 1998
295, 1997, 1998
378, 1866, 1998
247, 1432, 1998
-,-,-
4, -171, 328
14, -120, -400
-75, -116, -481
-38, -218, -368
-38, -218, -368
77, -337, -447
51, -154, -430
-12, -172, -51
33, -177, -167
62, -160, -64
52, 35, -105
52, 35, -105
4, 57, -147
-41, 103, -148
-73, 211, -12
-63, 723, -75
-63, 723, -75
-30, 1231, 44
9, 1336, 527
53, 1434, 945
63, 1825, 1314
63, 1825, 1314
108, 1997, 1635
190, 1997, 1882
353, 1997, 1998
364, 1997, 1998
-,-,-
78, 176, -433
75, 164, -347
131, 8, -196
23, -125, -189
-115, -73, -102
-151, 87, -232
-151, 87, -232
-116, 275, -56
-64, 388, 447
18, 865, 797
93, 1372, 814
201, 1741, 1116
201, 1741, 1116
333, 1952, 1807
441, 1997, 1998
593, 1997, 1998
746, 1997, 1998
750, 1997, 1998
-,-,-
-94, -215, 257
-105, 44, -103
-83, -34, -195
-32, -184, -34
-32, -184, -34
19, -240, 194
25, 49, -140
23, 2, -13
133, 346, -46
133, 346, -46
249, 490, 385
332, 1011, 196
252, 1086, 512
250, 1052, 904
306, 1335, 1638
575, 1945, 1766
575, 1945, 1766
674, 1997, 1998
592, 1997, 1998
583, 1997, 1998
686, 1997, 1998
759, 1997, 1998
705, 1997, 1998
-,-,-
-85, 324, -407
178, -76, 96
178, -76, 96
264, -624, 252
347, 34, -661
235, 272, -167
41, 252, -711
-101, 461, -663
-101, 461, -663
-47, 859, -392
-178, 972, -12
-272, 1184, 517
-221, 1481, 1113
-110, 1958, 1496
-55, 1997, 1940
109, 1997, 1998
252, 1997, 1998
303, 1997, 1998
520, 1997, 1998
754, 1997, 1998
747, 1997, 1998
-,-,-
24, -27, -56
32, 90, -121
2, 462, -556
-19, 594, -188
-19, 594, -188
-69, 507, 317
-85, 982, 64
-71, 1243, 286
40, 1351, 1207
143, 1645, 1771
246, 1857, 1940
315, 1987, 1998
315, 1987, 1998
474, 1997, 1998
605, 1997, 1998
562, 1997, 1998
598, 1997, 1998
723, 1997, 1998
772, 1997, 1998
-,-,-
-22, -174, -145
1, -234, 115
25, -19, -266
53, 398, -350
53, 398, -350
72, 326, 570
183, 526, 583
305, 820, 865
525, 1354, 1647
709, 1936, 1998
709, 1936, 1998
772, 1997, 1998
770, 1997, 1998
808, 1997, 1998
808, 1997, 1998
884, 1997, 1998
1032, 1997, 1998
1124, 1997, 1998
1071, 1981, 1998
960, 1954, 1998
775, 1891, 1998
-,-,-
7, -113, -503
61, -283, -38
58, -342, 214
94, 70, -610
94, 70, -610
33, 167, -440
32, 233, -455
-27, 91, -121
25, 505, -122
25, 505, -122
33, 684, 243
92, 775, 741
224, 1018, 1157
254, 1346, 1386
331, 1698, 1670
554, 1978, 1978
554, 1978, 1978
687, 1997, 1998
687, 1997, 1998
809, 1997, 1998
965, 1997, 1998
1024, 1997, 1998
843, 1997, 1998
703, 1997, 1998
656, 1997, 1998
-,-,-
49, -360, 15
72, -380, 2
72, -380, 2
61, -171, -461
57, -72, -367
78, -512, 402
78, -512, 402
46, -216, -78
-19, 37, -251
2, 248, -312
64, 500, -43
64, 500, -43
114, 867, 185
112, 1205, 438
56, 1570, 800
88, 1865, 1145
186, 1997, 1455
186, 1997, 1455
331, 1997, 1804
406, 1997, 1997
390, 1997, 1998
405, 1997, 1998
390, 1997, 1998
315, 1997, 1998
264, 1997, 1998
-,-,-
44, 292, -506
44, 292, -506
8, 583, -388
-29, 399, 637
-27, 832, 61
-8, 1185, -2
-8, 1185, -2
49, 1161, 566
230, 1403, 1606
347, 1978, 1941
283, 1997, 1998
356, 1997, 1998
536, 1997, 1998
578, 1997, 1998
582, 1997, 1998
582, 1997, 1998
696, 1997, 1998
757, 1959, 1998
657, 1697, 1998
515, 1412, 1998
-,-,-
9, -420, -810
9, -420, -810
58, -281, -528
-3, -391, -333
-76, -181, -460
-89, 77, -277
-90, 65, 189
-90, 65, 189
-123, 135, 509
-113, 457, 457
8, 798, 902
101, 950, 1591
247, 1185, 1896
247, 1185, 1896
568, 1400, 1837
848, 1947, 1998
1037, 1997, 1998
1145, 1997, 1998
1140, 1997, 1998
1138, 1997, 1998
1132, 1934, 1998
1136, 1709, 1998
1044, 1585, 1998
-,-,-
70, -536, -233
116, -432, -480
95, -346, -492
3, -356, -336
-84, -121, -270
-69, 145, -405
11, 431, -174
11, 431, -174
52, 515, 298
68, 708, 635
142, 804, 935
263, 1218, 1583
297, 1644, 1998
297, 1644, 1998
265, 1907, 1998
324, 1997, 1998
435, 1997, 1994
491, 1997, 1998
577, 1997, 1998
566, 1997, 1998
675, 1997, 1998
606, 1997, 1998
432, 1857, 1994
410, 1410, 1825
-,-,-
-50, -547, 68
-54, -532, 114
-54, -532, 114
89, -522, 16
197, -381, -204
238, -225, -310
214, -183, -308
213, -136, -222
154, -208, -351
62, 157, -264
139, 328, 180
139, 328, 180
163, 512, 722
182, 974, 1024
259, 1433, 1622
363, 1943, 1998
386, 1997, 1998
318, 1997, 1998
391, 1997, 1998
391, 1997, 1998
543, 1997, 1998
481, 1996, 1998
342, 1722, 1998
289, 1684, 1836
113, 1782, 1600
-59, 1877, 1579
-,-,-
225, 10, -536
145, -106, -77
127, 1, -390
127, 1, -390
158, 452, -664
-21, 516, 129
37, 983, 470
195, 1492, 625
224, 1709, 1094
224, 1709, 1094
206, 1936, 1906
217, 1997, 1998
183, 1997, 1998
225, 1997, 1998
388, 1997, 1998
505, 1997, 1998
523, 1997, 1909
431, 1997, 1492
234, 1997, 1409
55, 1913, 1546
21, 1346, 1549
-,-,-
-110, 1, -135
-52, 69, 113
-52, 69, 113
4, -262, 438
55, -236, -74
18, -27, 118
18, -27, 118
47, -55, 26
27, -155, 125
74, 219, -22
74, 219, -22
163, 561, 221
175, 919, 473
180, 1349, 667
206, 1637, 739
227, 1932, 996
227, 1932, 996
260, 1997, 1536
397, 1997, 1962
574, 1997, 1998
584, 1997, 1998
680, 1997, 1998
624, 1997, 1961
-,-,-
-113, 48, 335
-47, -16, -309
-59, -169, -121
-1, -443, 274
-1, -443, 274
123, -497, -151
138, -373, -241
160, -134, -141
207, 101, -153
257, 447, -132
240, 869, 167
236, 1126, 417
236, 1126, 417
241, 1555, 601
194, 1902, 745
214, 1996, 1051
272, 1997, 1426
245, 1997, 1720
224, 1997, 1839
422, 1997, 1929
666, 1997, 1998
743, 1997, 1998
-,-,-
2, 147, -396
-49, 31, -492
-56, -151, -169
-71, -72, -274
-189, 27, -534
-184, 251, -278
-73, 200, 244
-73, 200, 244
15, 493, 541
80, 1047, 632
205, 1637, 881
290, 1936, 1222
365, 1997, 1497
509, 1997, 1801
509, 1997, 1801
608, 1997, 1957
723, 1997, 1988
956, 1997, 1998
1008, 1997, 1998
883, 1997, 1829
-,-,-
-57, 42, 39
-29, -21, -255
13, -253, -29
6, -462, 387
6, -462, 387
28, -325, -336
-25, -149, -325
-25, -12, -147
63, 114, -40
114, 429, -234
127, 765, -82
127, 765, -82
107, 878, 124
145, 1045, 538
235, 1502, 475
179, 1675, 561
106, 1907, 879
106, 1907, 879
78, 1997, 1383
180, 1997, 1384
284, 1997, 1226
356, 1997, 1185
495, 1997, 1345
612, 1997, 1440
-,-,-
56, -20, -67
57, -67, -314
57, -67, -314
65, -100, -309
166, -208, 283
178, -194, -236
39, -33, -511
47, 346, -289
47, 346, -289
121, 499, 88
125, 881, -15
154, 1241, 21
298, 1559, 456
523, 1972, 1194
523, 1972, 1194
636, 1997, 1495
625, 1997, 1585
755, 1997, 1909
959, 1997, 1998
1004, 1997, 1985
843, 1997, 1775
651, 1997, 1688
445, 1997, 1721
268, 1702, 1697
204, 1336, 1567
177, 1254, 1323
-,-,-
-13, -422, -60
20, -328, -342
8, -388, -286
51, -690, 101
74, -721, 213
122, -319, -110
122, -319, -110
121, -252, -211
187, -296, -112
278, 185, 193
400, 851, 263
443, 1214, 392
395, 1524, 938
399, 1909, 1372
408, 1997, 1574
408, 1997, 1574
437, 1997, 1983
472, 1997, 1998
533, 1997, 1998
547, 1997, 1998
667, 1997, 1998
763, 1997, 1998
684, 1997, 1863
644, 1997, 1825
-,-,-
21, -109, -73
37, -191, -257
20, -276, -137
6, -389, -10
26, -388, -171
26, -388, -171
54, -229, -277
45, -35, -200
-27, -152, 15
-30, 184, -226
-80, 386, -126
-80, 386, 44
-121, 641, 44
-36, 749, 783
171, 1231, 850
176, 1450, 1119
276, 1883, 1541
397, 1997, 1907
504, 1997, 1985
504, 1997, 1985
622, 1997, 1998
727, 1997, 1998
887, 1997, 1990
985, 1997, 1951
956, 1997, 1684
766, 1997, 1472
-,-,-
-81, 79, 30
2, -189, -102
6, -197, -273
1, -71, -90
1, -71, -90
71, -144, 9
71, -260, -32
-20, -141, -97
-47, 74, -293
-47, 74, -293
-19, 171, -132
33, 259, 21
-8, 480, -22
13, 787, 246
13, 787, 246
138, 1108, 413
147, 1164, 690
127, 1266, 928
212, 1528, 1352
392, 1743, 1872
578, 1969, 1989
578, 1969, 1989
760, 1997, 1998
894, 1997, 1998
1022, 1997, 1998
1002, 1997, 1998
843, 1997, 1998
670, 1997, 1998
521, 1666, 1998
422, 1017, 1998
-,-,-
-124, 103, 124
-124, 103, 124
-67, -236, 239
-55, -675, 323
-55, -755, -91
1, -656, -317
126, -698, -276
218, -804, -117
275, -636, -128
275, -636, -128
322, -436, -286
290, -295, -277
194, -413, -81
226, 67, -276
315, 632, -137
426, 1009, 159
336, 1252, 532
297, 1379, 1146
297, 1379, 1146
392, 1711, 1668
498, 1996, 1998
585, 1997, 1998
705, 1997, 1998
877, 1997, 1998
1196, 1997, 1998
-,-,-
-5, -302, -88
113, -610, 44
158, -630, -204
167, -458, -496
289, -362, -281
339, -702, 125
441, -314, -262
497, 214, -29
497, 214, -29
513, 629, 328
496, 869, 643
463, 1311, 974
424, 1762, 1292
471, 1994, 1774
546, 1997, 1990
627, 1997, 1998
627, 1997, 1998
614, 1997, 1998
667, 1997, 1998
776, 1997, 1998
865, 1997, 1998
-,-,-
-143, -364, -122
-147, -495, -108
-100, -679, 197
-28, -742, -62
54, -656, -109
189, -630, 47
368, -667, -34
414, -396, -363
294, -9, -384
294, -9, -384
137, 439, -450
205, 1094, 109
313, 1710, 881
343, 1997, 1436
452, 1997, 1936
609, 1997, 1998
614, 1997, 1998
570, 1997, 1998
570, 1997, 1998
612, 1997, 1998
-,-,-
21, -52, -96
128, -110, -77
217, -148, -260
183, -21, -401
132, -133, -227
121, -414, -78
101, -248, -470
101, -248, -470
-1, 14, -400
-88, 227, -309
-123, 542, -249
-119, 1074, -142
-86, 1505, 355
-113, 1674, 986
-52, 1996, 876
20, 1997, 1075
20, 1997, 1075
146, 1997, 1813
272, 1997, 1242
213, 1997, 1828
333, 1997, 1379
281, 1997, 1152
202, 1997, 1114
192, 1997, 1535
-,-,-
-90, -2, 38
-90, -2, 38
-105, -292, 76
-85, -638, 105
-115, -601, -153
-72, -582, -35
1, -606, -35
1, -606, -35
115, -582, 3
229, -74, -307
191, -15, -156
123, 106, -84
143, 287, 381
143, 287, 381
304, 932, 588
434, 1623, 996
465, 1989, 1331
353, 1997, 1814
404, 1997, 1522
380, 1674, 1523
253, 1981, 1998
253, 1981, 1998
245, 1997, 1998
-,-,-
154, -183, -468
171, -271, -851
171, -271, -851
81, -532, -708
59, -583, -328
49, -359, -745
27, -79, -623
77, 84, -440
288, 637, 69
288, 637, 69
471, 1281, 278
487, 1624, 696
643, 1995, 1110
792, 1997, 1357
954, 1997, 1705
1062, 1997, 1998
1109, 1997, 1998
1152, 1997, 1973
1065, 1997, 1818
894, 1997, 1212
-,-,-
59, 272, -163
104, 210, -200
41, 79, 18
41, 79, 18
-11, -157, 89
-10, -294, -204
-5, 50, -279
-21, -139, -140
24, 73, -461
24, 73, -461
190, 573, -484
422, 1257, -461
515, 1626, -168
452, 1521, 220
476, 1651, 732
496, 1959, 1431
496, 1959, 1431
561, 1997, 1992
700, 1997, 1998
865, 1997, 1998
-,-,-
-138, -133, 135
-112, -264, -58
-156, -450, 143
-59, -494, 267
-6, -340, 155
-6, -340, 155
-30, -312, 140
16, -446, 176
88, -330, -37
154, -88, -261
182, 242, -352
182, 242, -352
306, 536, -509
406, 798, -322
378, 1252, -69
356, 1722, 442
453, 1997, 772
527, 1997, 871
648, 1997, 1022
648, 1997, 1022
770, 1997, 1370
706, 1997, 1582
712, 1997, 1485
-,-,-
-75, 7, 131
-136, 107, 154
-129, 88, 231
-123, -59, -53
-164, 13, -198
-164, 13, 19
-160, 359, 19
-71, 326, 40
18, 457, -155
29, 431, -32
29, 431, -32
124, 417, 198
323, 867, 312
598, 1281, 94
872, 1458, 157
872, 1458, 157
939, 1721, 579
945, 1951, 1271
1123, 1997, 1339
1253, 1997, 1805
1320, 1997, 1998
1231, 1997, 1998
-,-,-
-52, 133, -220
-52, 133, -220
-88, -107, -7
0, 38, -195
63, 235, -353
4, 141, -279
4, 141, -279
-18, -59, -163
-67, 348, -432
13, 980, -642
22, 1135, -136
-45, 1204, 210
-45, 1204, 210
11, 1622, 15
206, 1966, 163
354, 1997, 768
478, 1997, 623
849, 1997, 382
1217, 1997, 546
1217, 1997, 546
1371, 1997, 639
1360, 1997, 888
1361, 1997, 1353
1237, 1997, 1953
1039, 1997, 1994
818, 1997, 1988
658, 1880, 1639
-,-,-
78, 197, -33
107, 8, 32
107, 8, 32
33, -109, -284
95, -183, 17
142, -239, 199
157, 212, -192
157, 212, -192
204, 170, -179
279, 57, 16
322, 665, -316
460, 1311, -359
475, 1621, 52
450, 1861, 428
450, 1861, 428
536, 1997, 702
875, 1997, 1223
1142, 1997, 1599
1194, 1997, 1665
1283, 1997, 1258
1138, 1997, 1527
831, 1997, 1942
639, 1995, 1998
457, 1781, 1882
358, 1678, 1461
-,-,-
-62, 190, 235
-39, -21, 62
-87, -176, 11
-105, -446, 14
-105, -446, 14
-79, -682, -161
-78, -858, 160
11, -821, 209
154, -702, -64
238, -453, -192
316, -357, -2
316, -357, -2
347, -70, -73
339, 146, -568
325, 560, -332
385, 981, 357
353, 1586, 552
377, 1997, 593
377, 1997, 593
428, 1997, 728
462, 1997, 661
739, 1997, 608
635, 1997, 1210
421, 1997, 1399
-,-,-
-229, -378, 418
-161, -503, 417
22, -645, 395
22, -645, 395
263, -535, -31
411, -416, -277
452, -348, -107
466, -285, -226
353, -231, -620
303, 217, -769
382, 933, -571
443, 1392, -149
419, 1920, 5
419, 1920, 5
343, 1997, 104
350, 1997, 551
353, 1997, 1144
308, 1997, 1209
350, 1997, 1072
372, 1997, 1233
372, 1997, 1233
263, 1997, 1584
364, 1997, 1441
457, 1997, 1141
455, 1997, 1120
444, 1997, 1018
465, 1997, 943
-,-,-
24, -260, 110
24, -260, 110
81, -139, -43
143, -376, 275
187, -286, 40
158, -121, -273
155, 182, -638
274, 463, -742
274, 463, -742
298, 525, -473
231, 878, -477
262, 1174, -138
403, 1760, 463
476, 1997, 813
538, 1997, 874
661, 1997, 740
661, 1997, 740
706, 1997, 1308
684, 1997, 1706
752, 1997, 1674
886, 1997, 1761
-,-,-
-73, -147, 19
-58, -513, 368
144, -387, -66
144, -387, -66
140, -147, -305
121, -21, -374
216, 83, -490
288, 551, -560
346, 1031, -478
395, 1499, -319
404, 1581, 203
404, 1581, 203
427, 1905, 409
389, 1997, 637
512, 1997, 1003
772, 1997, 1658
985, 1997, 1802
1103, 1997, 1740
1113, 1997, 1681
1081, 1997, 1521
1050, 1997, 1505
938, 1997, 1547
814, 1997, 1410
-,-,-
-103, -192, 115
-61, -224, 103
-65, -204, -136
-100, -286, 24
72, -391, 25
72, -391, 25
165, -199, -160
149, -9, -253
89, 100, -440
139, 474, -687
260, 854, -486
260, 854, -486
312, 1161, -266
247, 1341, -51
339, 1690, 252
581, 1997, 572
681, 1997, 982
748, 1997, 1178
876, 1997, 1516
876, 1997, 1516
1029, 1997, 1889
1153, 1997, 1951
-,-,-
-77, -58, 169
26, -85, -65
-25, -208, 6
-25, -208, 6
-16, -233, 315
176, -240, 167
309, -32, -517
194, 164, -414
198, 453, -637
288, 691, -789
288, 691, -789
359, 947, -569
351, 1214, -403
394, 1550, -102
520, 1887, 598
688, 1997, 847
735, 1997, 944
861, 1997, 1076
941, 1997, 1365
924, 1997, 1482
924, 1997, 1482
936, 1997, 1301
958, 1997, 1257
-,-,-
12, -36, 213
9, -54, -30
9, -54, -30
-51, -65, -71
-43, -103, 24
22, -245, 269
22, -245, 269
21, -190, 27
-31, -128, -131
-30, 58, -373
42, 134, -430
92, 256, -396
92, 256, -396
95, 563, -489
134, 818, -458
185, 930, -87
277, 1121, 187
385, 1603, 193
385, 1603, 193
500, 1971, 234
578, 1997, 583
584, 1997, 1135
603, 1997, 1344
778, 1997, 1347
855, 1997, 1393
898, 1997, 1090
-,-,-
11, 69, -294
35, 203, -322
-55, 243, 56
-1, 180, 267
-1, 180, 267
126, 366, -378
149, 531, -544
7, 677, -108
-16, 745, 142
-16, 745, 142
130, 1139, -192
183, 1731, -45
97, 1993, 277
60, 1997, 739
128, 1997, 659
180, 1997, 854
180, 1997, 854
406, 1997, 1225
797, 1997, 1565
1104, 1997, 1529
1266, 1997, 1363
1340, 1997, 1165
1371, 1997, 1086
-,-,-
163, 29, -366
182, 42, -371
182, 42, -371
198, 269, -923
106, 624, -951
70, 646, -173
69, 737, 38
69, 737, 38
24, 1251, -211
-2, 1757, 230
151, 1997, 594
190, 1997, 675
107, 1997, 990
107, 1997, 990
162, 1997, 1175
378, 1997, 1390
555, 1997, 1153
560, 1997, 1174
704, 1997, 1914
729, 1997, 1998
616, 1942, 1998
534, 1546, 1975
547, 1291, 1507
612, 1219, 1071
-,-,-
58, 60, 73
52, 143, -18
52, 143, -18
132, 63, -176
159, 40, -76
175, -34, 187
175, -34, 187
186, 72, -244
227, 441, -637
238, 655, -627
141, 696, -290
181, 1182, -543
241, 1654, -185
193, 1945, 408
193, 1945, 408
180, 1997, 711
248, 1997, 779
291, 1997, 1068
385, 1997, 1449
608, 1997, 1199
795, 1997, 738
844, 1997, 802
844, 1997, 802
766, 1997, 1129
-,-,-
41, 391, -505
-2, 222, -227
-12, -243, 271
3, 188, -160
3, 188, -160
34, 235, -78
263, 277, -113
382, 425, 46
382, 425, 46
341, 866, 29
338, 1232, 197
494, 1778, 582
720, 1997, 1040
893, 1997, 1248
1014, 1997, 1277
1166, 1997, 1585
1166, 1997, 1585
1321, 1997, 1689
-,-,-
10, 140, -358
26, 126, -157
26, 126, -157
119, -124, 158
158, -108, -140
67, -134, 178
219, 32, -153
258, 82, -234
258, 82, -234
212, 252, -337
142, 435, -594
121, 850, -723
233, 1188, -685
314, 1506, -391
260, 1793, 94
260, 1793, 94
286, 1921, 498
518, 1997, 837
741, 1997, 1229
885, 1997, 1598
951, 1997, 1815
1027, 1997, 1440
-,-,-
-19, 5, -6
-8, 28, -43
-8, 28, -43
24, 53, -116
63, -187, 104
59, -215, 119
59, -215, 119
70, -255, -113
126, -16, -271
191, 67, -351
231, 86, -648
218, 420, -875
156, 647, -843
156, 647, -843
46, 642, -440
-15, 1069, -281
125, 1511, -176
279, 1964, 364
276, 1997, 912
297, 1997, 1241
370, 1997, 1631
370, 1997, 1631
436, 1997, 1953
602, 1997, 1890
-,-,-
185, -127, -348
268, -99, -324
168, 0, -218
168, 0, -218
180, 115, -249
197, 69, -155
102, 71, -72
23, 161, -449
23, 161, -449
-7, 502, -767
100, 995, -521
219, 1305, -168
383, 1661, -210
376, 1901, 145
391, 1997, 752
527, 1997, 1277
527, 1997, 1277
906, 1997, 1054
1221, 1997, 992
1325, 1997, 1233
1244, 1997, 1130
1120, 1997, 797
-,-,-
-34, 167, 45
-34, 167, 45
6, 140, -27
90, 40, 100
90, 40, 100
167, 111, -299
160, 369, -499
228, 678, -615
375, 828, -602
392, 1285, -463
293, 1375, -84
293, 1375, -84
294, 1404, 262
416, 1667, 792
549, 1997, 987
635, 1997, 954
768, 1997, 880
908, 1997, 992
908, 1997, 1066
900, 1997, 1066
839, 1997, 985
776, 1997, 892
714, 1997, 825
628, 1997, 981
-,-,-
-45, -182, 135
-57, -155, 19
12, -776, 455
168, -854, 233
217, -214, -232
265, 134, -332
265, 134, -332
515, 453, -213
640, 1090, -55
711, 1761, 169
856, 1997, 148
1066, 1997, 792
1087, 1997, 1234
910, 1997, 1505
712, 1997, 1812
653, 1997, 1929
653, 1997, 1929
640, 1997, 1727
541, 1997, 1648
509, 1995, 1245
-,-,-
-166, -183, 66
-208, -145, -143
-191, -14, -410
-187, -156, -285
-185, -224, 77
-135, -129, -54
-52, 94, -214
-52, 94, -214
77, 257, -73
177, 18, 146
290, 247, -299
297, 1014, -632
297, 1014, -632
310, 1206, -578
406, 1565, -180
433, 1912, 214
645, 1997, 532
811, 1997, 1169
848, 1997, 1846
832, 1997, 1945
912, 1997, 1908
955, 1997, 1821
864, 1997, 1646
-,-,-
-130, 39, 13
-130, 39, 13
-53, -304, -181
73, -815, 143
159, -334, -312
173, -175, -271
254, -92, -668
269, 8, -454
269, 8, -454
266, 565, -735
192, 1036, -1165
164, 1125, -675
281, 1377, 113
329, 1876, 339
216, 1997, 563
216, 1997, 563
344, 1997, 1171
665, 1997, 1616
797, 1997, 1824
796, 1997, 1998
733, 1997, 1672
-,-,-
-53, 64, 19
-13, -112, 47
-10, -175, -288
-47, -240, -326
-62, -459, 136
139, -97, -227
139, -97, -227
269, 483, -651
312, 602, -686
245, 472, -309
134, 442, -25
57, 820, -259
163, 1432, -319
163, 1432, -319
235, 1690, 292
300, 1720, 760
437, 1981, 699
655, 1997, 850
880, 1997, 1487
1021, 1997, 1415
1189, 1997, 1043
1325, 1997, 1611
-,-,-
-29, 32, -139
-29, 32, -139
-23, -143, -107
-17, -504, 290
46, -248, -12
140, 13, -293
211, 265, -269
229, 409, -310
229, 409, -310
111, 777, -767
-49, 1104, -513
137, 1470, -247
413, 1964, 97
401, 1997, 354
520, 1997, 550
838, 1997, 993
838, 1997, 993
897, 1997, 1182
946, 1997, 1266
-,-,-
169, -237, -225
157, -81, -410
114, -232, -128
121, -123, -57
113, 355, -393
113, 355, -393
110, 363, -121
216, 658, 124
339, 1252, 399
450, 1873, 337
527, 1997, 364
633, 1997, 776
633, 1997, 776
670, 1997, 1223
736, 1997, 1290
735, 1997, 1547
667, 1997, 1636
-,-,-
11, -246, -243
71, -348, -52
109, -398, 28
309, -435, -180
356, -355, -105
165, -208, 101
165, -208, 101
32, -30, -57
-18, -76, -358
-155, 281, -657
-279, 715, -412
-271, 969, -243
-144, 1093, -102
-28, 1590, 75
182, 1994, 298
182, 1994, 298
592, 1997, 825
842, 1997, 1258
-,-,-
0, 227, -250
0, 227, -250
119, 107, 109
219, -37, 128
206, 290, -386
120, 546, -365
120, 546, -365
98, 293, -48
49, 327, -196
-41, 561, -313
-28, 925, -104
65, 1341, 198
65, 1341, 198
110, 1813, 465
135, 1993, 694
172, 1997, 945
240, 1997, 1420
476, 1997, 1600
697, 1997, 1645
757, 1997, 1532
795, 1997, 1417
795, 1997, 1417
756, 1997, 1319
650, 1997, 1219
-,-,-
366, 1754, 666
-,-,-
-38, -174, 219
-38, -174, 219
-27, -208, -98
-62, -183, -206
-34, -110, -226
12, -261, -81
73, -48, -447
83, 122, -482
83, 122, -482
68, 20, 0
73, -197, 46
46, -81, -520
46, -81, -520
49, 254, -736
177, 784, -535
275, 1153, -117
260, 1683, -211
193, 1869, 135
259, 1994, 794
294, 1997, 1264
294, 1997, 1264
396, 1997, 1154
542, 1997, 1397
635, 1997, 1647
696, 1997, 1542
751, 1997, 1133
761, 1997, 999
-,-,-
-47, -297, 9
-47, -297, 9
-31, -314, 12
1, -270, 26
15, -91, 71
15, -91, 71
59, 162, 71
39, 250, -19
141, 390, -275
141, 390, -275
174, 705, -113
156, 1061, -249
176, 989, -351
230, 1102, -123
259, 1500, 266
372, 1771, 320
506, 1878, 452
506, 1878, 452
621, 1956, 644
639, 1994, 1017
735, 1997, 1091
887, 1997, 1153
-,-,-
-236, -103, -7
-185, -478, -9
-185, -478, -9
-71, -597, -6
9, -384, -128
104, -228, -58
262, 57, -271
352, 205, -102
352, 205, -102
347, 412, 53
361, 829, -122
356, 1308, -3
374, 1478, 281
386, 1587, 504
386, 1587, 504
308, 1906, 621
283, 1997, 652
354, 1997, 600
484, 1997, 663
574, 1997, 850
516, 1997, 838
462, 1997, 565
462, 1997, 565
-,-,-
-40, 188, -287
31, 93, -103
31, 113, -330
31, 293, -338
31, 293, -338
36, 335, 7
86, 492, -46
110, 804, -131
149, 1074, -37
149, 1074, -37
182, 1237, 138
171, 1343, 226
257, 1587, 252
367, 1863, 262
436, 1968, 564
523, 1997, 698
523, 1997, 698
601, 1997, 736
575, 1997, 694
545, 1997, 748
617, 1997, 823
724, 1997, 846
-,-,-
-68, 511, -449
-68, 511, -449
13, 228, -193
-5, 335, 82
-23, 448, -401
-46, 154, -441
-69, 199, -236
-69, 199, -236
-67, 273, -184
53, 390, -454
119, 384, -262
96, 575, 141
222, 839, 434
222, 839, 434
495, 1455, 493
715, 1966, 821
846, 1997, 1416
976, 1997, 1615
1183, 1997, 1751
1333, 1997, 1929
1311, 1997, 1998
1205, 1997, 1989
-,-,-
138, 20, -443
82, -35, -261
82, -35, -261
128, -292, -37
126, -29, -275
14, 98, -152
4, 134, -401
4, 134, -401
57, 93, -222
96, 572, 13
170, 1186, 85
170, 1186, 85
275, 1375, 376
309, 1598, 720
335, 1902, 1140
461, 1997, 1543
546, 1997, 1583
584, 1997, 1786
628, 1997, 1932
645, 1997, 1735
479, 1997, 1483
-,-,-
-60, -122, -234
-61, -297, -87
-10, -241, -362
-25, -66, -353
-88, -81, -144
-58, -264, -27
-58, -264, -294
-35, -107, -294
-48, 105, -344
-38, 144, -358
55, 331, -476
150, 626, -345
248, 941, -36
399, 1155, 602
399, 1155, 602
563, 1526, 1164
696, 1971, 1246
889, 1997, 1573
1044, 1997, 1985
1036, 1997, 1974
1126, 1997, 1763
-,-,-
26, -340, -98
47, -431, -176
48, -299, -390
48, -299, -390
49, -296, -180
153, -347, -289
228, -370, -545
143, -21, -622
85, 207, -634
64, 325, -526
0, 789, -52
0, 789, -52
129, 1461, 348
284, 1919, 745
265, 1997, 1263
240, 1997, 1471
315, 1997, 1554
315, 1997, 1554
442, 1997, 1740
464, 1997, 1979
501, 1997, 1895
-,-,-
-4, -30, -123
69, -236, -48
56, -304, -96
56, -304, -96
63, -212, -307
47, -215, -238
75, -332, -83
77, -193, -115
53, -23, -187
-31, 125, -82
-31, 125, -82
3, 361, 82
152, 824, 375
166, 1499, 271
127, 1874, 412
127, 1874, 412
99, 1991, 632
118, 1974, 941
154, 1967, 1140
271, 1997, 1364
454, 1997, 1649
589, 1997, 1505
653, 1997, 1509
725, 1997, 1939
725, 1997, 1939
771, 1997, 1719
-,-,-
-123, -406, -634
-123, -406, -634
-87, -554, 5
-13, -561, 253
74, -278, -358
141, 122, 53
257, 372, 518
501, 575, 414
501, 575, 414
506, 952, 491
510, 1398, 417
763, 1961, 587
976, 1997, 905
1047, 1997, 1330
753, 1997, 899
753, 1997, 899
676, 1997, 1386
688, 1997, 1683
695, 1997, 1763
-,-,-
-65, -191, 5
-49, -273, -172
-52, -258, -230
-21, -436, 63
90, -502, -54
188, -270, -406
166, -19, -174
166, -19, -174
175, -142, -219
230, -43, -323
203, 434, -398
123, 738, -351
97, 968, -180
178, 1261, 216
281, 1695, 508
281, 1695, 508
380, 1990, 801
549, 1997, 1179
671, 1997, 1565
725, 1997, 1891
-,-,-
72, -197, -213
2, -538, 106
22, -511, -318
22, -511, -318
-18, -441, -577
-30, -405, -351
27, -535, 56
119, -120, -136
182, 491, -289
361, 987, -39
361, 987, -39
474, 1354, 361
413, 1766, 553
437, 1923, 512
596, 1997, 871
615, 1997, 1425
627, 1997, 1605
646, 1997, 1495
-,-,-
-92, 32, -323
-69, -321, 87
-43, -284, -270
-91, -216, -733
-110, -134, -527
0, -199, 8
0, -199, 8
83, 162, -249
12, 522, -191
49, 865, 61
49, 865, 61
217, 988, 350
246, 1386, 344
229, 1864, 541
365, 1997, 720
365, 1997, 720
551, 1997, 914
660, 1997, 1143
761, 1997, 1501
879, 1997, 1690
857, 1997, 1739
766, 1997, 1735
716, 1997, 1964
746, 1997, 1998
724, 1997, 1998
616, 1975, 1998
-,-,-
-12, -67, 17
-35, -134, -24
-30, 65, -521
-79, 24, -194
-79, 24, -194
11, 181, -1
95, 525, 3
92, 841, 197
92, 841, 197
163, 871, 222
307, 1129, 526
396, 1615, 897
490, 1891, 981
707, 1997, 1306
707, 1997, 1306
908, 1997, 1833
1031, 1997, 1759
1122, 1997, 1753
1242, 1997, 1950
1295, 1997, 1893
1197, 1997, 1991
1045, 1997, 1998
-,-,-
133, 400, -675
133, 400, -482
36, 235, -482
-9, -240, 63
-74, 89, -455
-172, 435, -454
-203, 521, -297
-112, 352, 19
-112, 352, 19
-59, 720, 161
74, 1066, 424
279, 1401, 639
401, 1690, 1004
446, 1981, 1126
526, 1989, 1167
745, 1997, 1464
745, 1997, 1464
1006, 1997, 1752
1118, 1997, 1656
1074, 1997, 1409
966, 1997, 1584
911, 1997, 1991
826, 1997, 1998
732, 1889, 1998
636, 1695, 1832
538, 1450, 1434
-,-,-
2, -73, -74
2, -73, -74
79, 152, -214
66, 251, -335
19, 23, -194
19, 23, -194
3, 27, -300
-10, 274, -580
-32, 472, -528
-4, 370, -293
-4, 370, -293
-58, 264, 0
-92, 614, -269
61, 1082, 17
255, 1425, 435
325, 1629, 766
325, 1629, 766
428, 1986, 693
588, 1997, 813
766, 1997, 1392
854, 1997, 1496
884, 1997, 1424
978, 1997, 1541
1065, 1997, 1754
1020, 1997, 1629
919, 1985, 1569
882, 1915, 1544
882, 1915, 1544
845, 1930, 1716
-,-,-
-99, -121, -176
-13, -246, -473
25, -450, -467
-30, -257, -385
-60, -302, -195
-26, -241, -170
-8, -276, 74
-8, -276, 74
-15, -185, 21
-64, -109, -117
-132, -36, -201
-91, 223, -281
47, 718, -318
171, 1051, 245
171, 1051, 245
351, 1447, 608
549, 1781, 892
690, 1997, 1563
936, 1997, 1934
1169, 1997, 1998
1154, 1997, 1998
1066, 1997, 1965
989, 1997, 1737
874, 1997, 1881
682, 1997, 1998
-,-,-
-56, 98, -25
104, -191, -74
184, -210, -572
113, -176, -706
107, -389, -118
149, -452, -59
149, -452, -59
155, -175, -336
171, 136, -183
233, 488, -90
261, 644, 190
279, 983, 195
338, 1222, 472
338, 1222, 472
387, 1767, 604
508, 1997, 619
593, 1997, 828
747, 1997, 1360
832, 1997, 1689
818, 1997, 1838
847, 1997, 1742
826, 1997, 1754
795, 1997, 1881
795, 1997, 1881
706, 1698, 1998
660, 1306, 1998
679, 1228, 1989
714, 1335, 1770
-,-,-
-40, -271, 215
22, -448, 131
48, -398, -147
100, -315, -250
179, -224, -346
242, -77, -681
242, -77, -681
214, 75, -585
137, 18, -168
134, 301, -304
148, 724, -527
131, 932, -247
82, 998, 388
82, 998, 388
17, 1269, 528
20, 1543, 598
41, 1750, 899
216, 1874, 1171
216, 1874, 1171
356, 1966, 1688
450, 1997, 1539
648, 1997, 1576
900, 1997, 1691
1060, 1997, 1776
1049, 1997, 1432
949, 1997, 1381
834, 1997, 1778
726, 1997, 1985
-,-,-
103, -277, -189
103, -277, -189
30, -352, -462
-41, -706, 77
-44, -664, 48
-67, -408, -313
-101, -383, -58
-23, -198, -69
76, -71, 227
76, -71, 227
103, 358, 327
101, 582, 303
231, 841, 625
387, 1469, 1278
454, 1985, 1392
454, 1985, 1392
508, 1997, 1123
731, 1983, 1681
835, 1997, 1998
771, 1997, 1981
797, 1688, 1842
908, 1736, 1824
1074, 1765, 1998
1180, 1781, 1998
-,-,-
-58, -535, 44
-83, -917, -63
-30, -1026, -395
-30, -1026, -327
-26, -1048, -327
51, -744, -294
140, -650, 32
200, -201, -52
226, 260, 40
315, 542, 384
520, 1157, 721
520, 1157, 721
689, 1859, 833
704, 1997, 798
640, 1997, 1178
786, 1997, 1285
902, 1997, 1530
754, 1997, 1927
604, 1997, 1654
626, 1997, 1815
683, 1997, 1996
-,-,-
13, 155, -342
-12, -263, -30
38, -466, -237
38, -466, -237
62, -251, -574
77, -43, -373
125, -169, -113
140, -9, -248
149, 233, 26
149, 233, 26
274, 821, 203
578, 1293, 226
762, 1644, 506
775, 1939, 966
845, 1997, 1338
1071, 1997, 1482
1284, 1997, 1815
1283, 1997, 1998
1234, 1997, 1998
1059, 1997, 1778
1059, 1997, 1778
765, 1997, 1433
-,-,-
-45, -351, -490
-79, -359, -178
-79, -359, -178
-139, -565, 54
-56, -617, -342
78, -624, -434
182, -652, -313
276, -519, -374
380, 34, -317
474, 270, -78
550, 714, -125
550, 714, -125
765, 1375, 67
911, 1936, 339
894, 1997, 589
848, 1997, 1389
854, 1997, 1955
727, 1997, 1998
758, 1997, 1998
758, 1997, 1998
957, 1997, 1998
1031, 1997, 1998
-,-,-
-206, -47, 595
-40, -199, 360
-14, -240, 212
-24, -330, 208
-22, -512, 186
6, -608, 30
6, -608, 30
42, -506, -158
23, -373, -335
54, -215, -533
77, -156, -392
75, -33, -245
75, -33, -245
107, 96, -55
337, 463, 76
695, 1253, 368
964, 1940, 924
964, 1940, 924
1146, 1997, 1054
1345, 1997, 858
1333, 1997, 1249
1104, 1997, 1917
884, 1997, 1998
754, 1997, 1998
715, 1997, 1998
-,-,-
82, -192, 101
82, -138, 196
161, -421, 167
244, -644, 24
273, -405, -28
306, -57, -282
290, -16, -216
290, -16, -216
277, 380, -279
330, 1058, -255
382, 1542, -140
481, 1909, 317
574, 1997, 833
650, 1997, 1109
636, 1997, 1273
558, 1997, 1798
558, 1997, 1798
564, 1997, 1998
538, 1997, 1998
565, 1997, 1998
525, 1997, 1998
419, 1997, 1904
-,-,-
-44, -97, 268
-60, -15, -254
-60, -15, -254
14, -99, -187
59, -285, 220
73, -389, 111
17, -502, 68
43, -511, 23
43, -511, 23
84, -318, -8
114, -60, -42
158, 295, -307
158, 295, -307
195, 757, -430
142, 1086, -170
177, 1250, 113
291, 1695, 336
544, 1997, 373
836, 1997, 752
1025, 1997, 1198
963, 1997, 1612
932, 1997, 1810
932, 1997, 1810
1035, 1997, 1911
985, 1997, 1998
876, 1997, 1777
748, 1997, 1211
-,-,-
29, -121, -85
96, -541, 485
96, -541, 485
170, -809, 699
227, -515, -300
209, -341, -880
194, -277, -638
110, -337, -684
35, -125, -502
65, 564, -328
65, 564, -328
210, 1387, -105
356, 1968, 374
443, 1997, 855
506, 1997, 1217
467, 1997, 1534
459, 1997, 1588
582, 1997, 1863
609, 1997, 1984
641, 1997, 1672
641, 1997, 1672
812, 1997, 1350
947, 1997, 1401
955, 1997, 1156
-,-,-
255, -760, -114
337, -1092, -538
440, -1553, -445
447, -1439, -169
455, -986, 99
412, -321, 516
360, 454, 1060
342, 1199, 1346
219, 1837, 1509
203, 1923, 1802
452, 1997, 1981
452, 1997, 1981
625, 1997, 1998
600, 1997, 1998
503, 1997, 1998
449, 1997, 1998
453, 1950, 1998
450, 1682, 1998
456, 1384, 1926
447, 1141, 1982
-,-,-
-13, -381, -162
-14, -457, -280
56, -734, -136
146, -859, -119
96, -595, -365
7, -612, -55
174, -576, -317
244, -209, -416
244, -209, -416
135, 312, -233
202, 445, -98
351, 249, 1107
491, 1127, 829
699, 1897, 730
865, 1997, 1361
842, 1997, 1992
801, 1997, 1892
801, 1997, 1892
762, 1997, 1770
643, 1997, 1998
654, 1997, 1998
-,-,-
83, -783, -215
162, -946, -291
245, -982, -375
268, -965, -633
233, -803, -877
167, -602, -677
184, -549, -392
211, 4, -133
211, 4, -133
348, 758, 334
569, 1403, 1086
618, 1984, 1563
675, 1997, 1571
650, 1997, 1719
640, 1997, 1992
632, 1997, 1998
636, 1997, 1998
672, 1989, 1998
672, 1989, 1998
821, 1997, 1998
960, 1997, 1998
1035, 1997, 1901
937, 1997, 1792
-,-,-
99, -515, 20
149, -710, -184
85, -621, -283
58, -526, 46
148, -541, 210
148, -541, 210
145, -470, 181
123, -410, 53
254, 99, -407
302, 619, -402
247, 729, -427
175, 793, -152
175, 793, -152
249, 1344, -89
413, 1841, 175
504, 1997, 659
580, 1997, 1325
610, 1997, 1649
576, 1997, 1591
697, 1997, 1745
850, 1997, 1998
920, 1997, 1990
920, 1997, 1990
-,-,-
215, -401, -285
300, -334, -170
277, -125, -91
215, -5, -160
207, -1, 22
207, -1, 22
261, 337, -135
249, 789, -20
264, 1229, 495
333, 1828, 557
333, 1828, 557
301, 1997, 441
220, 1997, 710
233, 1997, 1208
233, 1997, 1230
183, 1997, 1423
188, 1997, 1786
132, 1967, 1998
158, 1908, 1998
252, 1997, 1998
252, 1997, 1998
-,-,-
-39, -374, -26
83, -581, -54
181, -523, -292
268, -165, -623
358, -25, -805
358, -25, -805
288, -101, -634
109, -253, -236
58, 181, -509
101, 843, -428
140, 1212, 55
176, 1266, 691
170, 1689, 934
170, 1689, 934
65, 1988, 1120
50, 1997, 1601
194, 1997, 1988
253, 1997, 1998
347, 1997, 1998
506, 1997, 1998
664, 1997, 1998
742, 1987, 1998
-,-,-
-65, -252, 79
-15, -101, -508
0, -224, -217
60, -406, -283
102, -436, -388
102, -436, -388
49, -101, -515
40, 248, -226
78, 364, 99
195, 541, -95
252, 977, -169
252, 977, -169
281, 1281, 261
310, 1440, 1028
462, 1942, 1046
677, 1997, 1232
794, 1997, 1860
1002, 1997, 1998
1100, 1997, 1998
1091, 1997, 1998
1055, 1997, 1998
947, 1997, 1998
-,-,-
-39, 95, -436
33, -331, -523
37, -616, -375
-74, -77, -546
-74, -77, -546
-17, 156, -292
221, 543, 51
364, 888, 877
449, 1622, 1253
489, 1997, 1722
666, 1997, 1998
666, 1997, 1998
850, 1997, 1998
918, 1997, 1998
987, 1997, 1998
1133, 1997, 1998
1150, 1997, 1998
-,-,-
-264, -728, 98
-307, -1298, 249
-258, -1475, 94
-59, -1360, 95
217, -1078, -102
335, -829, -322
391, -530, -609
391, -530, -609
451, -274, -720
523, 128, -580
449, 388, -496
353, 818, -57
274, 1454, 976
243, 1799, 1704
264, 1996, 1977
297, 1997, 1998
297, 1997, 1998
405, 1997, 1998
563, 1997, 1998
-,-,-
-22, -232, 55
88, -172, -141
100, -131, -244
34, -136, -214
48, -290, -233
32, -389, -342
32, -389, -342
-32, -503, -358
-102, -369, -602
-47, -283, -543
36, 243, -646
82, 556, -332
109, 949, 333
196, 1263, 869
196, 1263, 869
288, 1659, 1053
458, 1996, 1195
699, 1997, 1588
802, 1997, 1998
874, 1997, 1998
859, 1997, 1998
914, 1997, 1998
-,-,-
-227, 64, 211
-169, 227, 15
5, 235, -288
110, 82, -439
86, 194, -786
86, 194, -786
24, -14, -503
85, -591, -148
98, -234, -554
-69, 234, -342
-70, 213, -97
-70, 213, -97
147, 193, 103
293, 992, 360
335, 1381, 853
549, 1660, 1206
750, 1984, 1949
855, 1997, 1998
1047, 1997, 1998
1047, 1997, 1998
1239, 1997, 1998
1350, 1997, 1998
1193, 1997, 1998
962, 1997, 1998
707, 1982, 1998
527, 1683, 1998
